
dt=0.004   nt=501
fz=0 nz=51 dz=50
fx=0 nx=81 dx=50
fxo=500 nxo=61 dxo=50
fzo=0 nzo=51 dzo=50
fxs=0 nxs=41 dxs=100
aperx=2000
fa=-75 na=76 da=2 amax=75
fac=0.01 ms=10 ek=1 npv=0
jpfile=jpfile.ray
tfile=tfile

