ninf=1
nx=231
nz=231
dx=10.000000
dz=10.000000
npmax=10000
