nt=501 dt=0.004 
nxs=121 dxs=25 fxs=300
nxo=1 dxo=50 fxo=400
fzt=0 nzt=51 dzt=50
fxt=500 nxt=61 dxt=50
fs=0 ns=41 ds=100
fx=500 nx=121 dx=25
fz=0 nz=501 dz=3
aperx=1000 mtr=100 ls=0 
v0=1500 dvz=0
angmax=60 fmax=55
jpfile=jpfile.kdsyn
ttfile=tfile 

