ninf=3
nx=315
nz=195
dx=10.000000
dz=10.000000
npmax=10000
v00=2000,2500,2000,3000
