opflag=1
nx=315
nz=195
nt=500
dx=10.000000
dz=10.000000
dt=0.002000
sflag=2
fmax=100.
iabso=1
abso=0.07
nbwx=20
nbwz=20
irz=55
isx=30
isz=55
