
dt=0.008 nt=501
fz=0 nz=51 dz=50
fx=0 nx=201 dx=50
fxo=0 nxo=201 dxo=50
fzo=0 nzo=51 dzo=10
fxs=0 nxs=101 dxs=100
aperx=2000
fa=-85 na=86 da=2 amax=90
fac=0.01 ms=10 ek=1 npv=0
jpfile=jpfile.ray
tfile=tfile_down
surf="-2500,0;0,0;2500,0;5000,0;7500,0;10000,0;12500,0"
