nx=630
nz=240
dx=5.000000
dz=5.000000
