ninf=3
nx=630
nz=240
dx=5.000000
dz=5.000000
npmax=10000
v00=2000,3500,5000,2000
