nt=1001 dt=0.004
nxs=200 dxs=50 fxs=50
nxo=201 dxo=50 fxo=0
fzt=0 nzt=51 dzt=50
fxt=0 nxt=401 dxt=50
fs=50 ns=201 ds=100
fx=0 nx=401 dx=50
fz=0 nz=501 dz=5
aperx=1000 mtr=100 ls=0 
v0=1500 dvz=0
angmax=180 fmax=55
jpfile=jpfile.kdsyn 
ttfile=ttime 
verbose=1
rscale=1000
