t_above=-0.000815534,0.0583107,0.115398,0.116214,0.116621
x_above=1,9,16,28,33
