xshift=4,9,15,20,25,28
tshift=0.027644,0.069310,0.119390,0.122995,0.125399,0.124598
