xshift=.4,12,21,25,27,28
tshift=0.123797,0.125399,0.124197,0.124998,0.124998,0.124598
