xshift=1,4,28,32
tshift=0.007,0.027920,0.222290,.24
