xshift=4,6,11,21,26,28
tshift=0.076521,0.084534,0.104967,0.144630,0.164261,0.172674
