xmin=0.000000
xmax=2.000000
ymin=0.000000
ymax=2.000000
zmin=0.000000
zmax=1.000000
shootupward=1
nxgd=21
nygd=21
dxgd=0.100000
dygd=0.100000
fxgd=0.000000
fygd=0.000000
ifwf2dump=1, nwf2dump=7
nxgd=21
nygd=21
dxgd=0.1
dygd=0.1
ntakeoff=9
nazimuth=19
takeoff=1.396263
fsx=0.901,dsx=0.1,nsx=1
fsy=0.901,dsy=0.1,nsy=1
fsz=0.25,dsz=0.5,nsz=1
nxt=5
nyt=5
maxntris=1000
maxnrays=600
maxnsegs=100
edgemax=2
ntwf=200,dtwf=0.05,tmax=7
npoint=18
point 18 read
nfacet=64
facet 64 read
ntetra=24
tetra 24 read
source at 0.901000 0.901000 0.250000
source in tetra 20
initreg=0
Starting: ntrips=323 nrays=172
traveltimes for this shot written.
