cip=800,369.634,-0.105814
cip=1400,369.634,-0.102326
cip=2000,369.634,-0.102326
